spec,env,r,p
EFOCG_EDG,C_C,0.002916423,0.774869792
EFOCG_EDG,C_SI,-0.058028144,0.000000012
EFOCG_EDG,C_MN,-0.000323594,0.974683784
EFOCG_EDG,C_P,-0.002490767,0.807023973
EFOCG_EDG,C_S1,-0.085410686,0.000000000
EFOCG_EDG,C_CU,0.001491933,0.883674938
EFOCG_EDG,C_MO,0.000435909,0.965901567
EFOCG_EDG,C_CAO,0.005499217,0.589675708
EFOCG_EDG,C_SIO2,-0.011962055,0.240736882
EFOCG_EDG,C_MGO,-0.000503503,0.960618116
EFOCG_EDG,C_AL2O3,-0.011594504,0.255497353
EFOCG_EDG,C_FEO,-0.084321402,0.000000000
EFOCG_EDG,C_S2,0.009073826,0.373531362
EFOCG_EDG,BA,-0.007165371,0.482237279
EFOCG_EDG,CCO,-0.032513283,0.001425766
EFOCG_EDG,CCO2,-0.652699525,0.000000000
EFOCG_EDG,CH2,-0.003030149,0.766341328
EFOCG_EDG,CN2,-0.015437149,0.130027431
EFOCG_EDG,C_SO2,0.017166142,0.092261344
EFOCG_EDG,PE,-0.015995612,0.116701139
EFOCG_EDG,FOCA,0.046465732,0.000005132
EFOCG_EDG,POCA,-0.026982286,0.008130459
EFOCG_EDG,OEF,-0.011652530,0.253126192
EFOCG_EDG,OEP,0.001305007,0.898164321
EFOCG_EDG,TOHA,-0.003286165,0.747247137
EFOCG_EDG,POHA,0.002494099,0.806770925
EFOCG_EDG,AWS,0.919732144,0.000000000
EFOCG_EDG,FOCW,-0.003847481,0.705936230
EFOCG_EDG,BKE,-0.000403475,0.968437240
EFOCG_EDG,FOTCW,0.002694880,0.791560886
EFOCG_EDG,CIV,-0.005003248,0.623662759
EFOCG_EDG,FS,-0.010632029,0.297087101
EFOCG_EDG,FA,0.001569927,0.877640443
EFOCG_EDG,NOCR,-0.002482451,0.807655651
EFOCG_EDG,BWOO,0.001907130,0.851636928
EFOCG_EDG,BWOC,-0.009071026,0.373678889
EFOCG_EDG,TOMI,0.047473715,0.000003188
EFOCG_EDG,TFP,0.287054916,0.000000000
EFOCG_EDG,TFT,0.305700974,0.000000000
EFOCG_EDG,SPOF,0.615953764,0.000000000
EFOCG_EDG,PDOIF,-0.048539974,0.000001907
EFOCG_EDG,PDOUF,0.617187847,0.000000000
EFOCG_EDG,PDOCF,0.006446181,0.527271797
EFOCG_EDG,OER,0.025336230,0.012951727
EFOCG_EDG,TCT,0.072596541,0.000000000
EFOCG_EDG,UROCG,-0.625126169,0.000000000
EFOCG_EDG,BGV,-0.001459005,0.886224640
EFOCG_EDG,TLOF,0.019549747,0.055186558
EFOCG_EDG,API,0.075146121,0.000000000
EFOCG_EDG,TOCW,0.419250389,0.000000000
EFOCG_EDG,SWS,-0.007966783,0.434622718
EFOCG_EDG,FOCG,-0.009978739,0.327763881
EFOCG_EDG,TOCA,0.007259171,0.476521777
EFOCG_EDG,AH,-0.017266230,0.090378285
EFOCG_CEN,C_C,0.000271442,0.978762844
EFOCG_CEN,C_SI,-0.037619932,0.000223682
EFOCG_CEN,C_MN,-0.008701754,0.393444640
EFOCG_CEN,C_P,-0.006076968,0.551197418
EFOCG_CEN,C_S1,-0.053864013,0.000000125
EFOCG_CEN,C_CU,-0.011727911,0.250068765
EFOCG_CEN,C_MO,-0.005084125,0.618062932
EFOCG_CEN,C_CAO,-0.006669158,0.513083484
EFOCG_CEN,C_SIO2,-0.008999696,0.377448245
EFOCG_CEN,C_MGO,0.002588152,0.799636505
EFOCG_CEN,C_AL2O3,0.001051063,0.917902192
EFOCG_CEN,C_FEO,-0.055750611,0.000000045
EFOCG_CEN,C_S2,0.001970543,0.846763894
EFOCG_CEN,BA,-0.014042616,0.168446976
EFOCG_CEN,CCO,0.861586665,0.000000000
EFOCG_CEN,CCO2,0.027007400,0.008071411
EFOCG_CEN,CH2,-0.006987509,0.493176464
EFOCG_CEN,CN2,-0.005721767,0.574707730
EFOCG_CEN,C_SO2,0.002764161,0.786330531
EFOCG_CEN,PE,0.013691922,0.179332191
EFOCG_CEN,FOCA,0.034712090,0.000661154
EFOCG_CEN,POCA,0.119531248,0.000000000
EFOCG_CEN,OEF,-0.002923276,0.774355096
EFOCG_CEN,OEP,-0.001419386,0.889293979
EFOCG_CEN,TOHA,0.014201684,0.163676325
EFOCG_CEN,POHA,0.025588838,0.012077257
EFOCG_CEN,AWS,-0.034945003,0.000607904
EFOCG_CEN,FOCW,-0.002195490,0.829526074
EFOCG_CEN,BKE,0.001552666,0.878975328
EFOCG_CEN,FOTCW,-0.001911442,0.851305357
EFOCG_CEN,CIV,-0.007312225,0.473305556
EFOCG_CEN,FS,0.004411962,0.665248587
EFOCG_CEN,FA,0.000863602,0.932505871
EFOCG_CEN,NOCR,-0.003164758,0.756283402
EFOCG_CEN,BWOO,-0.003709051,0.716049458
EFOCG_CEN,BWOC,0.016034067,0.115824528
EFOCG_CEN,TOMI,0.020793135,0.041412184
EFOCG_CEN,TFP,0.024957439,0.014368009
EFOCG_CEN,TFT,-0.240507095,0.000000000
EFOCG_CEN,SPOF,-0.379540595,0.000000000
EFOCG_CEN,PDOIF,0.336817459,0.000000000
EFOCG_CEN,PDOUF,-0.026530612,0.009260493
EFOCG_CEN,PDOCF,0.005621031,0.581460653
EFOCG_CEN,OER,0.014383578,0.158346666
EFOCG_CEN,TCT,0.054598931,0.000000084
EFOCG_CEN,UROCG,-0.504449484,0.000000000
EFOCG_CEN,BGV,0.002618388,0.797346523
EFOCG_CEN,TLOF,0.011830707,0.245941140
EFOCG_CEN,API,-0.245908283,0.000000000
EFOCG_CEN,TOCW,-0.002372438,0.816023446
EFOCG_CEN,SWS,0.801264864,0.000000000
EFOCG_CEN,FOCG,-0.005959551,0.558916589
EFOCG_CEN,TOCA,0.004195023,0.680777109
EFOCG_CEN,AH,0.006596111,0.517709543
CI,C_C,0.003339379,0.743297298
CI,C_SI,-0.026997782,0.008093979
CI,C_MN,-0.012485121,0.220782799
CI,C_P,-0.019715906,0.053149505
CI,C_S1,-0.038824894,0.000139559
CI,C_CU,0.001649870,0.871462586
CI,C_MO,0.006032965,0.554084066
CI,C_CAO,0.002680432,0.792652834
CI,C_SIO2,0.005553677,0.585996352
CI,C_MGO,0.018307097,0.072573040
CI,C_AL2O3,0.010329036,0.311067943
CI,C_FEO,-0.040310679,0.000076589
CI,C_S2,-0.008460619,0.406686896
CI,BA,-0.010224353,0.315997512
CI,CCO,-0.013099812,0.198883634
CI,CCO2,0.018038378,0.076869358
CI,CH2,0.008801014,0.388070379
CI,CN2,0.003116639,0.759874210
CI,C_SO2,0.007211292,0.479434507
CI,PE,0.008436478,0.408027102
CI,FOCA,0.022439587,0.027742988
CI,POCA,0.538746652,0.000000000
CI,OEF,0.009920636,0.330588411
CI,OEP,-0.008187821,0.421984191
CI,TOHA,-0.007704152,0.449919931
CI,POHA,0.017289665,0.089941874
CI,AWS,-0.027174977,0.007687140
CI,FOCW,0.011141797,0.274526768
CI,BKE,-0.011390991,0.263935457
CI,FOTCW,-0.007236988,0.477870093
CI,CIV,-0.018059023,0.076532091
CI,FS,0.002628588,0.796574311
CI,FA,-0.004041059,0.691881017
CI,NOCR,-0.011259420,0.269491910
CI,BWOO,-0.008499239,0.404548320
CI,BWOC,0.017775503,0.081270582
CI,TOMI,0.028904466,0.004579412
CI,TFP,-0.227378570,0.000000000
CI,TFT,0.017788119,0.081054799
CI,SPOF,0.013921086,0.172161568
CI,PDOIF,-0.198823273,0.000000000
CI,PDOUF,-0.436660192,0.000000000
CI,PDOCF,0.003557160,0.727203628
CI,OER,0.012451585,0.222025444
CI,TCT,0.031266068,0.002162354
CI,UROCG,0.044726561,0.000011415
CI,BGV,0.002035929,0.841745380
CI,TLOF,0.007516278,0.461047422
CI,API,-0.296377516,0.000000000
CI,TOCW,-0.003593090,0.724559764
CI,SWS,-0.002675750,0.793006749
CI,FOCG,-0.010959551,0.282454050
CI,TOCA,-0.003659261,0.719699269
CI,AH,0.002000614,0.844455103
DSL,C_C,-0.006468309,0.525854881
DSL,C_SI,-0.034907768,0.000616140
DSL,C_MN,-0.009620208,0.345443315
DSL,C_P,0.005490196,0.590286244
DSL,C_S1,-0.051148208,0.000000519
DSL,C_CU,0.001568471,0.877753059
DSL,C_MO,0.025164053,0.013579420
DSL,C_CAO,-0.010719811,0.293116359
DSL,C_SIO2,-0.003571887,0.726119599
DSL,C_MGO,-0.002073672,0.838851399
DSL,C_AL2O3,0.004915787,0.629743071
DSL,C_FEO,-0.048753247,0.000001718
DSL,C_S2,0.004124300,0.685869277
DSL,BA,-0.001484124,0.884279479
DSL,CCO,-0.016183508,0.112466900
DSL,CCO2,0.026400806,0.009610200
DSL,CH2,-0.022958761,0.024332629
DSL,CN2,0.001650510,0.871413161
DSL,C_SO2,-0.005415633,0.595343403
DSL,PE,0.007117903,0.485143761
DSL,FOCA,0.025859310,0.011199329
DSL,POCA,-0.014299357,0.160797858
DSL,OEF,0.005724825,0.574503335
DSL,OEP,-0.004311076,0.672452664
DSL,TOHA,-0.001750463,0.863700055
DSL,POHA,0.003661161,0.719559896
DSL,AWS,-0.031045758,0.002324051
DSL,FOCW,-0.004924395,0.629143550
DSL,BKE,0.006828618,0.503060155
DSL,FOTCW,0.009898085,0.331688910
DSL,CIV,-0.014895646,0.144048399
DSL,FS,-0.010529597,0.301765776
DSL,FA,-0.001745724,0.864065499
DSL,NOCR,0.014740251,0.148278750
DSL,BWOO,0.021377628,0.036018453
DSL,BWOC,-0.002663034,0.793968270
DSL,TOMI,0.024687386,0.015459465
DSL,TFP,0.350624719,0.000000000
DSL,TFT,0.411061221,0.000000000
DSL,SPOF,-0.008498750,0.404575344
DSL,PDOIF,-0.027625031,0.006734973
DSL,PDOUF,-0.021956386,0.031279623
DSL,PDOCF,0.008308799,0.415159076
DSL,OER,0.015164960,0.136936705
DSL,TCT,0.040940613,0.000059023
DSL,UROCG,-0.197754054,0.000000000
DSL,BGV,0.024131640,0.017937446
DSL,TLOF,0.011595811,0.255443783
DSL,API,0.044342846,0.000013565
DSL,TOCW,0.010178683,0.318164167
DSL,SWS,-0.004013241,0.693894466
DSL,FOCG,-0.002858386,0.779232578
DSL,TOCA,-0.003881957,0.703425465
DSL,AH,0.004487127,0.659901192
MC,C_C,-0.010568696,0.299974164
MC,C_SI,-0.027423475,0.007147459
MC,C_MN,0.011400249,0.263547476
MC,C_P,0.018253149,0.073419436
MC,C_S1,-0.038424692,0.000163472
MC,C_CU,-0.009454111,0.353835933
MC,C_MO,0.015988744,0.116858254
MC,C_CAO,-0.017113180,0.093270440
MC,C_SIO2,0.008548166,0.401848658
MC,C_MGO,-0.005280150,0.604582538
MC,C_AL2O3,-0.002656010,0.794499485
MC,C_FEO,-0.038338115,0.000169129
MC,C_S2,-0.011740460,0.249562329
MC,BA,0.016100013,0.114333271
MC,CCO,-0.015795859,0.121338836
MC,CCO2,0.024242269,0.017418112
MC,CH2,-0.006633538,0.515336615
MC,CN2,-0.012460039,0.221711740
MC,C_SO2,0.007584110,0.457012216
MC,PE,-0.006334580,0.534447497
MC,FOCA,0.025744548,0.011564667
MC,POCA,-0.009612225,0.345843763
MC,OEF,0.007093203,0.486659929
MC,OEP,0.005156745,0.613053643
MC,TOHA,0.010616771,0.297780943
MC,POHA,-0.003307625,0.745653460
MC,AWS,-0.025780070,0.011450472
MC,FOCW,-0.004079408,0.689109008
MC,BKE,-0.017266404,0.090375047
MC,FOTCW,0.005158586,0.612926876
MC,CIV,0.008013068,0.431958268
MC,FS,-0.018419171,0.070840237
MC,FA,0.027325046,0.007357019
MC,NOCR,-0.008229543,0.419622955
MC,BWOO,-0.000819650,0.935933350
MC,BWOC,-0.004783425,0.638992683
MC,TOMI,0.008405674,0.409741084
MC,TFP,-0.144039976,0.000000000
MC,TFT,-0.002563482,0.801506260
MC,SPOF,-0.004184293,0.681548775
MC,PDOIF,-0.041433252,0.000048021
MC,PDOUF,-0.017469253,0.086653628
MC,PDOCF,-0.026560123,0.009182590
MC,OER,0.012347046,0.225931112
MC,TCT,0.028679682,0.004905690
MC,UROCG,0.053583101,0.000000145
MC,BGV,0.032247816,0.001559759
MC,TLOF,0.008482626,0.405467445
MC,API,-0.076437211,0.000000000
MC,TOCW,0.009415249,0.355817994
MC,SWS,-0.003614434,0.722990753
MC,FOCG,-0.005964024,0.558621561
MC,TOCA,-0.001548539,0.879294541
MC,AH,-0.004853429,0.634093588
Hanging,C_C,-0.004765630,0.640240516
Hanging,C_SI,-0.044202417,0.000014444
Hanging,C_MN,0.015643509,0.124971879
Hanging,C_P,-0.000500372,0.960862763
Hanging,C_S1,-0.061496685,0.000000002
Hanging,C_CU,0.006985840,0.493279736
Hanging,C_MO,0.006816280,0.503832002
Hanging,C_CAO,-0.003029894,0.766360427
Hanging,C_SIO2,0.009438165,0.354648359
Hanging,C_MGO,-0.000424246,0.966813301
Hanging,C_AL2O3,-0.012977540,0.203108180
Hanging,C_FEO,-0.067764095,0.000000000
Hanging,C_S2,0.000272782,0.978657995
Hanging,BA,-0.015078031,0.139201988
Hanging,CCO,-0.023687193,0.020162943
Hanging,CCO2,0.025903868,0.011060267
Hanging,CH2,0.009337611,0.359798674
Hanging,CN2,0.011411367,0.263082088
Hanging,C_SO2,-0.006856578,0.501313426
Hanging,PE,-0.000393017,0.969254959
Hanging,FOCA,-0.846057646,0.000000000
Hanging,POCA,0.683396288,0.000000000
Hanging,OEF,-0.012250549,0.229579656
Hanging,OEP,0.017214629,0.091345207
Hanging,TOHA,-0.000914942,0.928503861
Hanging,POHA,-0.002300819,0.821482249
Hanging,AWS,-0.037013657,0.000282182
Hanging,FOCW,-0.001890355,0.852927009
Hanging,BKE,0.002288246,0.822441460
Hanging,FOTCW,0.007399242,0.468056355
Hanging,CIV,0.002690612,0.791883371
Hanging,FS,-0.010963015,0.282301945
Hanging,FA,-0.004414049,0.665099899
Hanging,NOCR,-0.003549669,0.727755241
Hanging,BWOO,-0.002269467,0.823874643
Hanging,BWOC,-0.004230440,0.678232470
Hanging,TOMI,0.027478304,0.007033062
Hanging,TFP,-0.365164911,0.000000000
Hanging,TFT,-0.355618666,0.000000000
Hanging,SPOF,-0.001895572,0.852525717
Hanging,PDOIF,0.798877146,0.000000000
Hanging,PDOUF,-0.034576099,0.000694218
Hanging,PDOCF,0.001600807,0.875253188
Hanging,OER,0.018912631,0.063609657
Hanging,TCT,0.051236690,0.000000496
Hanging,UROCG,0.081063067,0.000000000
Hanging,BGV,0.013609717,0.181957796
Hanging,TLOF,0.013188340,0.195865276
Hanging,API,-0.712788928,0.000000000
Hanging,TOCW,0.005122758,0.615395845
Hanging,SWS,-0.517723406,0.000000000
Hanging,FOCG,-0.010357845,0.309720236
Hanging,TOCA,-0.002059175,0.839962736
Hanging,AH,-0.009273354,0.363114379
IFC,C_C,-0.003198747,0.753750229
IFC,C_SI,-0.071642544,0.000000000
IFC,C_MN,-0.008775410,0.389452320
IFC,C_P,-0.010573011,0.299776856
IFC,C_S1,-0.100954525,0.000000000
IFC,C_CU,0.032118876,0.001628941
IFC,C_MO,0.007760901,0.446588902
IFC,C_CAO,-0.000815090,0.936288959
IFC,C_SIO2,-0.006657055,0.513848495
IFC,C_MGO,0.015319061,0.132991029
IFC,C_AL2O3,-0.002586886,0.799732446
IFC,C_FEO,-0.101810200,0.000000000
IFC,C_S2,-0.002624040,0.796918595
IFC,BA,0.004260369,0.676085037
IFC,CCO,-0.034407898,0.000737239
IFC,CCO2,0.049230173,0.000001359
IFC,CH2,0.016658743,0.102297234
IFC,CN2,0.006376005,0.531778208
IFC,C_SO2,0.019282349,0.058601172
IFC,PE,-0.000233554,0.981726577
IFC,FOCA,0.056201983,0.000000035
IFC,POCA,-0.036353943,0.000361963
IFC,OEF,-0.005719722,0.574844436
IFC,OEP,-0.004122499,0.685999141
IFC,TOHA,-0.000009252,0.999276040
IFC,POHA,0.005155873,0.613113661
IFC,AWS,-0.063507582,0.000000000
IFC,FOCW,-0.025729314,0.011613953
IFC,BKE,0.003574394,0.725935131
IFC,FOTCW,0.005250689,0.606600120
IFC,CIV,-0.008883946,0.383614608
IFC,FS,0.000261129,0.979569529
IFC,FA,0.029837696,0.003424688
IFC,NOCR,0.000920811,0.928046508
IFC,BWOO,-0.004724229,0.643147698
IFC,BWOC,0.012230607,0.230338845
IFC,TOMI,0.055701895,0.000000046
IFC,TFP,0.053167192,0.000000181
IFC,TFT,-0.106610384,0.000000000
IFC,SPOF,-0.011359327,0.265265431
IFC,PDOIF,-0.058028382,0.000000012
IFC,PDOUF,-0.026147439,0.010326868
IFC,PDOCF,0.012707777,0.212658892
IFC,OER,0.032014761,0.001686851
IFC,TCT,0.078478769,0.000000000
IFC,UROCG,0.136176806,0.000000000
IFC,BGV,0.026854436,0.008437088
IFC,TLOF,0.022546087,0.027011608
IFC,API,0.092562335,0.000000000
IFC,TOCW,0.008575703,0.400334004
IFC,SWS,-0.006079769,0.551013903
IFC,FOCG,-0.006660229,0.513647803
IFC,TOCA,0.002895602,0.776434140
IFC,AH,-0.011151844,0.274094233
HC,C_C,-0.000273001,0.978640854
HC,C_SI,0.889920285,0.000000000
HC,C_MN,0.002557248,0.801978924
HC,C_P,-0.007027304,0.490717442
HC,C_S1,0.953436461,0.000000000
HC,C_CU,-0.014791321,0.146878120
HC,C_MO,0.001091577,0.914749546
HC,C_CAO,0.004670533,0.646926330
HC,C_SIO2,0.011950007,0.241210990
HC,C_MGO,-0.018005618,0.077407013
HC,C_AL2O3,-0.007349309,0.471064563
HC,C_FEO,0.953903677,0.000000000
HC,C_S2,-0.000410965,0.967851636
HC,BA,-0.014979248,0.141811080
HC,CCO,-0.053744431,0.000000133
HC,CCO2,0.058611962,0.000000009
HC,CH2,0.011775348,0.248158022
HC,CN2,-0.005374651,0.598131299
HC,C_SO2,-0.004063579,0.690252693
HC,PE,0.007421916,0.466693876
HC,FOCA,0.077008664,0.000000000
HC,POCA,-0.381948298,0.000000000
HC,OEF,0.000395178,0.969085974
HC,OEP,-0.008219828,0.420172111
HC,TOHA,-0.007457801,0.464542120
HC,POHA,0.002210938,0.828345166
HC,AWS,-0.083174955,0.000000000
HC,FOCW,0.008999131,0.377478188
HC,BKE,-0.004167359,0.682767230
HC,FOTCW,-0.011256336,0.269623109
HC,CIV,0.003791773,0.709999952
HC,FS,-0.006125046,0.548051895
HC,FA,-0.005383335,0.597540054
HC,NOCR,0.006189021,0.543880094
HC,BWOO,0.003567027,0.726477285
HC,BWOC,-0.002442705,0.810676304
HC,TOMI,-0.605910362,0.000000000
HC,TFP,-0.429077743,0.000000000
HC,TFT,-0.007835248,0.442246271
HC,SPOF,-0.007536801,0.459824483
HC,PDOIF,-0.076099927,0.000000000
HC,PDOUF,-0.064060046,0.000000000
HC,PDOCF,0.010503173,0.302980648
HC,OER,-0.705477133,0.000000000
HC,TCT,-0.905849274,0.000000000
HC,UROCG,-0.359432648,0.000000000
HC,BGV,0.004941898,0.627925199
HC,TLOF,-0.624057029,0.000000000
HC,API,0.118248529,0.000000000
HC,TOCW,0.019478564,0.056078948
HC,SWS,-0.011849370,0.245196928
HC,FOCG,-0.007989261,0.433327591
HC,TOCA,-0.002919502,0.774638567
HC,AH,0.000137240,0.989261650
OH,C_C,0.003428251,0.736715802
OH,C_SI,-0.443829681,0.000000000
OH,C_MN,0.002529742,0.804065294
OH,C_P,-0.007258720,0.476549195
OH,C_S1,-0.071449504,0.000000000
OH,C_CU,-0.010728485,0.292725897
OH,C_MO,0.012798547,0.209409712
OH,C_CAO,0.027751018,0.006488132
OH,C_SIO2,-0.014795860,0.146754123
OH,C_MGO,0.003735090,0.714143241
OH,C_AL2O3,0.011642766,0.253524084
OH,C_FEO,-0.071668827,0.000000000
OH,C_S2,0.020103653,0.048639135
OH,BA,0.000835215,0.934719376
OH,CCO,-0.021296938,0.036725448
OH,CCO2,0.025336502,0.012950756
OH,CH2,0.011300214,0.267760581
OH,CN2,0.001550646,0.879131595
OH,C_SO2,0.005884471,0.563879807
OH,PE,0.019721314,0.053084267
OH,FOCA,0.039165091,0.000121862
OH,POCA,0.109656939,0.000000000
OH,OEF,0.010250448,0.314763944
OH,OEP,-0.010117346,0.321089284
OH,TOHA,-0.009788905,0.337050358
OH,POHA,-0.010519260,0.302240658
OH,AWS,-0.048174088,0.000002277
OH,FOCW,0.006928801,0.496816242
OH,BKE,0.016492637,0.105765224
OH,FOTCW,-0.020993724,0.039488746
OH,CIV,0.012466733,0.221463527
OH,FS,0.016079618,0.114792851
OH,FA,-0.004276532,0.674926407
OH,NOCR,-0.006386867,0.531079454
OH,BWOO,0.004614663,0.650867658
OH,BWOC,-0.021729689,0.033067948
OH,TOMI,0.277129971,0.000000000
OH,TFP,0.030532780,0.002744332
OH,TFT,-0.006850800,0.501674093
OH,SPOF,-0.002205569,0.828755547
OH,PDOIF,-0.040177569,0.000080886
OH,PDOUF,-0.033573796,0.000989582
OH,PDOCF,-0.014230087,0.162835280
OH,OER,0.732803217,0.000000000
OH,TCT,0.253903935,0.000000000
OH,UROCG,0.093224546,0.000000000
OH,BGV,0.017940365,0.078487089
OH,TLOF,0.790818416,0.000000000
OH,API,-0.263403302,0.000000000
OH,TOCW,0.008032255,0.430856533
OH,SWS,-0.002084776,0.838000475
OH,FOCG,0.010315003,0.311725782
OH,TOCA,-0.005379943,0.597770972
OH,AH,-0.007256906,0.476659329
WA,C_C,0.010234720,0.315507047
WA,C_SI,-0.043003692,0.000024509
WA,C_MN,-0.009818181,0.335607245
WA,C_P,-0.006426067,0.528561423
WA,C_S1,-0.061903900,0.000000001
WA,C_CU,-0.011646774,0.253360729
WA,C_MO,-0.021699983,0.033308652
WA,C_CAO,0.011894397,0.243407838
WA,C_SIO2,0.008254569,0.418210423
WA,C_MGO,0.000930042,0.927327196
WA,C_AL2O3,-0.008380276,0.411157447
WA,C_FEO,-0.064425758,0.000000000
WA,C_S2,-0.000340546,0.973358037
WA,BA,0.002117535,0.835490948
WA,CCO,-0.019723388,0.053059275
WA,CCO2,0.022284429,0.028839044
WA,CH2,0.005824598,0.567852884
WA,CN2,0.005708573,0.575590089
WA,C_SO2,-0.004449686,0.662562695
WA,PE,0.026614872,0.009039613
WA,FOCA,0.037244558,0.000258389
WA,POCA,-0.021004749,0.039385261
WA,OEF,-0.003301273,0.746125117
WA,OEP,-0.003361771,0.741637300
WA,TOHA,-0.003813809,0.708391474
WA,POHA,0.011954263,0.241043413
WA,AWS,-0.038417066,0.000163963
WA,FOCW,-0.005177675,0.611613191
WA,BKE,-0.007032982,0.490367122
WA,FOTCW,0.005633642,0.580613260
WA,CIV,0.024242603,0.017416567
WA,FS,-0.003320190,0.744720890
WA,FA,-0.002343009,0.818265465
WA,NOCR,0.004480134,0.660397973
WA,BWOO,0.014850203,0.145275818
WA,BWOC,0.004489387,0.659740671
WA,TOMI,0.033371931,0.001061647
WA,TFP,0.165606515,0.000000000
WA,TFT,0.105310057,0.000000000
WA,SPOF,-0.366806774,0.000000000
WA,PDOIF,-0.035867003,0.000433883
WA,PDOUF,0.308362257,0.000000000
WA,PDOCF,-0.002130504,0.834497963
WA,OER,0.019749203,0.052748945
WA,TCT,0.054274522,0.000000100
WA,UROCG,0.081393618,0.000000000
WA,BGV,0.003645381,0.720717899
WA,TLOF,0.013686969,0.179489593
WA,API,0.056467449,0.000000030
WA,TOCW,-0.779201420,0.000000000
WA,SWS,-0.006446444,0.527254962
WA,FOCG,-0.018593740,0.068208873
WA,TOCA,-0.005495453,0.589930462
WA,AH,0.004127580,0.685632813
HA,C_C,-0.002299666,0.821570144
HA,C_SI,-0.029999049,0.003254323
HA,C_MN,-0.011661385,0.252765707
HA,C_P,-0.003383684,0.740013872
HA,C_S1,-0.043404104,0.000020571
HA,C_CU,0.011155908,0.273919389
HA,C_MO,0.000571928,0.955271436
HA,C_CAO,-0.001161538,0.909308567
HA,C_SIO2,0.002558536,0.801881319
HA,C_MGO,-0.008108307,0.426505642
HA,C_AL2O3,0.005721231,0.574743572
HA,C_FEO,-0.046757420,0.000004476
HA,C_S2,-0.004375343,0.667859979
HA,BA,0.006904150,0.498348765
HA,CCO,-0.016255838,0.110869580
HA,CCO2,0.004899986,0.630844221
HA,CH2,-0.009433801,0.354870923
HA,CN2,0.010026073,0.325474498
HA,C_SO2,0.013280842,0.192747422
HA,PE,-0.007709941,0.449579454
HA,FOCA,-0.328983885,0.000000000
HA,POCA,-0.014129008,0.165843174
HA,OEF,0.005973213,0.558015752
HA,OEP,-0.007013826,0.491549543
HA,TOHA,0.008356410,0.412491011
HA,POHA,-0.017761792,0.081505640
HA,AWS,-0.030486347,0.002785611
HA,FOCW,-0.008922910,0.381532022
HA,BKE,0.005384103,0.597487786
HA,FOTCW,-0.005461380,0.592238330
HA,CIV,-0.002847273,0.780068790
HA,FS,0.006738757,0.508695907
HA,FA,-0.000063094,0.995063096
HA,NOCR,-0.016503369,0.105538374
HA,BWOO,-0.001089073,0.914944359
HA,BWOC,0.003155288,0.756989701
HA,TOMI,-0.075259302,0.000000000
HA,TFP,-0.145572263,0.000000000
HA,TFT,-0.002989888,0.769357391
HA,SPOF,-0.002634559,0.796122412
HA,PDOIF,0.163757406,0.000000000
HA,PDOUF,-0.021368026,0.036101969
HA,PDOCF,-0.018886175,0.063981218
HA,OER,0.013295105,0.192269959
HA,TCT,0.032067189,0.001657458
HA,UROCG,0.059605393,0.000000005
HA,BGV,-0.446496478,0.000000000
HA,TLOF,-0.086061825,0.000000000
HA,API,-0.230148016,0.000000000
HA,TOCW,0.007513033,0.461240993
HA,SWS,-0.003871580,0.704180872
HA,FOCG,0.007990286,0.433268551
HA,TOCA,0.003641792,0.720981368
HA,AH,-0.003958081,0.697893232
Normal,C_C,0.001175490,0.908223974
Normal,C_SI,-0.282051587,0.000000000
Normal,C_MN,0.008589096,0.399598586
Normal,C_P,0.018178898,0.074597534
Normal,C_S1,-0.410109604,0.000000000
Normal,C_CU,-0.000327019,0.974415944
Normal,C_MO,-0.015191981,0.136238410
Normal,C_CAO,-0.010627507,0.297292623
Normal,C_SIO2,0.000724026,0.943394209
Normal,C_MGO,0.001299487,0.898592721
Normal,C_AL2O3,0.009710598,0.340929798
Normal,C_FEO,-0.406266268,0.000000000
Normal,C_S2,-0.006525286,0.522215443
Normal,BA,0.016775532,0.099913542
Normal,CCO,-0.153922134,0.000000000
Normal,CCO2,0.179453015,0.000000000
Normal,CH2,-0.014692765,0.149590233
Normal,CN2,0.001397395,0.890998399
Normal,C_SO2,-0.019654492,0.053894977
Normal,PE,-0.018953544,0.063038580
Normal,FOCA,0.217793138,0.000000000
Normal,POCA,-0.131073889,0.000000000
Normal,OEF,0.003710683,0.715929921
Normal,OEP,0.010187235,0.317757692
Normal,TOHA,0.005369884,0.598455985
Normal,POHA,-0.012022019,0.238386942
Normal,AWS,-0.246395283,0.000000000
Normal,FOCW,0.012116246,0.234727048
Normal,BKE,-0.001246114,0.902736647
Normal,FOTCW,0.006655014,0.513977535
Normal,CIV,-0.000465556,0.963584003
Normal,FS,0.010807657,0.289178513
Normal,FA,-0.013952024,0.171210194
Normal,NOCR,0.003858358,0.705143722
Normal,BWOO,-0.009387060,0.357260109
Normal,BWOC,-0.000186926,0.985374276
Normal,TOMI,0.218802361,0.000000000
Normal,TFP,0.194219369,0.000000000
Normal,TFT,-0.030409564,0.002855118
Normal,SPOF,-0.024190767,0.017658221
Normal,PDOIF,-0.229761853,0.000000000
Normal,PDOUF,-0.189610736,0.000000000
Normal,PDOCF,-0.005381737,0.597648852
Normal,OER,0.123843851,0.000000000
Normal,TCT,0.341086065,0.000000000
Normal,UROCG,0.528494722,0.000000000
Normal,BGV,0.065976140,0.000000000
Normal,TLOF,0.087534227,0.000000000
Normal,API,0.368152113,0.000000000
Normal,TOCW,0.052912988,0.000000207
Normal,SWS,-0.041106741,0.000055070
Normal,FOCG,0.023762307,0.019770703
Normal,TOCA,0.001814540,0.858762265
Normal,AH,0.016729947,0.100838613
